40274280
39886183
37475582
38709285
36401167
41175711
41466116
41660059
42945009
37523632
36853516
39898505
37273522
35758141
41119877
37469370
40053367
40952883
36905653
38611472
39625634
35822181
30553921
43358605
36286101
43294905
37768371
43559421
37857398
37361508
30569230
37589355
36736416
39272151
39242966
36311338
34919438
30569650
40488502
41205377
38066370
36711229
41523013
42275664
36880947
41115338
37376506
41356801
36916753
40390468
40626562
42792734
30610106
30973838
37281468
37299672
41509217
30649360
30702179
38689067
38951450
37218981
36345662
37209012
41182214
40461081
30923364
42963174
40345244
41000082
38307472
34691671
36455298
40083252
40583130
37145332
40328542
30760669
34573599
30816583
37271690
30960634
40585855
41690517
38264922
41112793
39680897
37040316
40397051
37495590
39110729
44752730
36579963
30774355
41079211
38036053
39946205
38609118
28886274
22933670
