22124181
19390525
23240115
19323609
23347035
19458743
22231774
23289878
23161938
23256576
19288273
23152481
19350580
19452942
23312009
19482518
22366737
19322608
23203686
23333570
23632340
19446751
23392441
19344058
22488234
19576474
19302620
23388604
23335654
23300899
23583810
19458593
19496223
23313131
19342885
22560099
18032358
19644361
19571776
22833161
19195770
23563281
23448335
19552769
23626299
23647719
19512243
22885169
19396065
19625225
23778945
23884854
19718159
23845710
19523344
22433943
19716907
23611360
23903799
19482407
23661545
19780236
23751303
19714362
22838752
19608073
23767293
23692603
19779836
24066534
19845298
23648000
19598575
22749966
19903217
23751574
24143809
19516572
19895021
19907615
24064070
23943514
19781127
19890784
23026194
19680569
23727308
24033132
22836868
23096375
19568819
19628251
23931131
23952731
24039874
19822465
24041538
20025546
19846089
19736574
