16872803
16881340
16717522
16844730
16618347
16653052
16855631
16821537
9269654
9369752
13526348
9339104
9316021
13483757
13568206
13596198
18037688
16677176
9309950
16841084
16863796
13512932
9282759
9497241
16740926
16777385
13627588
13623360
16662499
9343142
9299350
9322253
9260117
13546635
9298558
9300081
13418104
13592181
13655911
16656948
16756395
16598649
9295092
13729358
13487124
13630923
16716600
16864988
16793985
16801550
16719045
16637853
16791962
16722892
16615661
16806580
16713645
16795679
17892696
16564495
16803082
16648924
16968633
16932045
17008117
16922607
16943226
17051057
16890747
16871881
16852104
16816789
16976628
9498273
9496810
9530654
17238599
13483958
13566523
13612769
16756686
16550940
16736808
9198962
9170659
16770582
16601614
9136945
9145712
9165469
9126626
16583892
16542374
13538710
9481611
13463018
13492173
13471795
13533641
16742720
