33898673
33879016
18829553
33792615
33780582
27922305
18904343
18892992
18884556
33936875
33514784
28072066
27925201
35352430
34221699
27955808
28185189
26701997
32598436
28015200
34039307
33643655
33535993
18969846
33950832
33821830
34339180
27979253
33832940
18881981
18880999
18865711
18832589
18879838
27875659
18896228
18834442
32227199
33813654
19116561
33884297
34233903
28181152
35164358
18892791
33601536
34178168
18859649
18854059
18834933
33637714
33770102
33761888
27955809
33806531
33766836
33552094
18846805
18868667
18912238
35360426
33875501
28069411
28077307
34185692
18823712
18971209
18792844
34287132
33962223
18998861
18841756
33532256
18968484
33496199
18891169
18826457
18946712
33354423
18847577
35444673
19162287
19136539
33877313
18923880
18835013
28087565
27979674
27995473
28029016
27884855
33787505
35511409
19150555
19184679
33764472
28178046
28143440
33864780
33893273
